192.826
186.635
233.970
216.629
223.160
205.398
211.148
173.961
220.456
211.257
227.916
201.782
211.774
233.473
214.326
215.380
273.864
235.448
202.541
191.557
235.441
248.536
213.005
223.160
229.360
209.041
218.897
215.629
237.223
231.970
199.119
225.009
191.863
203.607
167.833
195.360
209.041
220.613
179.790
238.223
215.240
218.755
251.042
193.883
196.518
211.148
220.150
218.410
230.175
192.773
217.755
223.126
251.042
192.542
203.347
240.577
221.148
199.306
182.768
235.827
195.514
226.186
205.398
213.145
215.909
209.041
209.398
231.449
204.266
197.344
198.035
202.002
252.644
225.363
231.691
205.398
225.840
214.541
214.569
202.183
222.505
218.410
223.381
204.427
230.691
225.363
268.173
219.498
239.301
215.723
233.970
233.473
225.780
196.056
213.898
218.410
213.005
211.148
221.352
183.259
209.041
235.827
225.275
211.138
219.711
225.160
230.935
213.822
183.344
209.626
194.225
205.863
208.097
217.250
228.385
248.638
219.097
200.125
234.875
210.879
222.500
234.875
232.970
215.085
210.148
244.754
202.541
216.244
218.357
219.574
215.629
201.492
215.629
222.945
221.500
248.536
218.483
227.535
212.673
243.435
214.597
190.838
216.305
228.181
212.318
215.338
205.398
231.863
196.711
228.220
221.838
229.063
187.071
246.754
187.219
248.536
205.398
248.536
214.828
209.344
216.648
212.597
220.613
256.067
202.449
234.875
244.622
248.536
217.755
233.970
233.473
196.202
204.268
211.848
231.618
235.827
228.220
230.535
232.686
210.148
228.220
220.613
230.691
247.965
245.754
235.376
230.863
230.043
217.755
227.868
161.351
214.597
219.379
171.109
239.577
237.191
217.755
229.660
217.970
222.505
217.755
197.448
222.436
235.827
205.398
229.116
266.257
248.536
234.555
181.963
202.005
197.857
251.042
211.621
202.035
209.766
208.041
232.276
207.761
238.223
234.670
223.129
234.177
243.435
233.473
218.755
240.973
217.606
232.970
213.005
205.026
206.699
251.042
213.005
233.473
210.423
213.005
211.659
196.239
241.004
208.933
255.792
209.848
202.736
222.387
243.435
241.973
194.839
182.576
212.142
181.401
218.410
201.164
199.041
228.220
240.577
223.160
188.919
209.097
189.493
218.410
213.170
251.042
215.629
230.691
215.527
201.876
220.041
216.648
205.274
205.398
240.470
220.613
216.096
241.004
238.223
235.485
219.475
191.668
209.148
243.435
215.629
205.134
233.473
205.126
220.903
235.441
223.829
235.827
224.135
189.403
210.041
223.745
228.220
193.826
241.325
239.198
231.147
216.561
221.129
206.347
197.058
243.435
242.931
213.005
186.954
215.648
201.911
217.755
217.755
202.553
221.129
220.613
263.598
208.398
222.436
221.169
218.410
213.005
188.482
223.339
210.879
194.984
206.244
243.435
220.385
241.923
191.003
235.393
245.754
204.348
204.957
188.598
227.244
233.473
219.854
205.398
216.629
195.816
216.604
214.566
244.641
223.255
263.399
195.933
230.691
194.680
236.191
223.247
255.951
256.067
234.499
185.809
192.090
241.004
223.945
206.789
233.970
245.754
228.863
172.911
218.410
221.838
205.348
237.470
213.005
208.097
218.606
233.970
230.535
220.376
222.026
208.949
217.755
222.160
210.072
243.435
217.755
205.126
222.129
203.347
256.067
213.848
196.874
235.827
213.005
240.470
189.098
208.913
218.379
208.097
225.941
244.229
197.506
233.966
192.826
241.577
226.173
240.577
213.005
218.410
228.220
233.970
231.970
225.363
202.789
218.410
220.613
195.296
186.026
233.473
180.509
189.571
237.012
200.318
195.927
235.827
181.905
256.067
244.229
202.433
220.629
250.511
215.648
238.223
232.970
221.505
249.979
195.831
251.042
183.833
204.014
202.326
233.793
213.005
235.827
233.970
197.791
193.464
201.346
220.245
197.597
249.185
195.996
222.160
210.879
213.816
198.750
195.148
221.129
218.441
218.755
237.470
235.827
224.272
236.720
217.483
228.220
241.004
199.326
241.004
234.012
205.068
159.256
233.473
220.613
209.041
222.428
164.387
217.755
232.970
218.410
231.691
213.005
219.152
209.905
198.978
235.827
225.363
239.223
256.067
210.852
185.385
212.805
216.629
239.762
233.970
224.255
196.518
199.973
220.613
198.182
233.214
248.145
224.363
225.275
203.541
197.506
233.473
197.791
216.347
201.173
241.577
213.005
232.970
198.103
210.148
196.822
187.617
198.305
210.741
231.863
220.613
232.276
248.517
218.755
248.185
225.941
235.827
243.723
194.821
202.541
256.067
213.005
246.077
238.762
252.865
217.755
214.824
194.416
224.879
213.005
243.435
255.042
218.755
228.220
232.842
212.898
241.004
222.480
192.003
220.613
186.970
203.541
225.136
212.470
244.057
195.756
230.863
196.798
199.434
248.536
235.827
237.363
235.827
205.398
214.486
235.762
217.005
224.363
211.148
214.824
218.269
243.435
218.859
208.673
241.577
217.005
189.158
226.363
217.436
248.462
213.396
192.139
225.026
251.630
228.220
230.043
191.543
228.660
201.479
193.411
233.473
208.041
215.428
241.923
241.325
174.941
232.863
169.209
241.072
243.435
235.410
254.042
247.003
206.065
182.576
210.148
207.651
238.191
224.960
207.783
214.597
233.970
231.863
203.541
238.223
229.427
219.711
205.126
248.536
232.268
220.310
204.245
214.607
227.186
220.613
218.578
171.263
243.435
225.363
248.536
198.576
211.148
235.827
220.755
217.648
206.241
217.005
213.005
225.941
237.827
212.085
263.264
212.856
213.541
194.753
208.142
223.255
234.907
221.064
191.911
222.979
222.086
236.363
251.630
220.340
211.852
246.435
234.012
239.223
255.305
251.042
256.067
209.289
215.613
223.750
232.970
224.107
202.884
194.753
209.148
224.255
223.160
184.015
209.682
248.638
248.536
200.566
238.223
219.897
216.074
200.306
228.220
222.026
196.933
226.546
234.012
229.755
210.148
225.876
230.691
200.566
241.004
221.340
209.041
222.613
204.231
241.004
207.291
225.753
251.042
211.733
243.435
218.410
182.900
195.499
271.130
225.941
197.791
220.328
243.435
222.168
192.382
209.148
213.005
204.610
210.879
243.435
226.063
198.934
209.518
228.220
264.781
216.813
243.435
239.577
212.074
213.721
258.649
181.741
235.827
210.879
199.630
187.256
238.762
214.721
238.051
210.148
202.789
203.347
237.223
213.005
237.419
216.005
221.019
217.755
208.211
232.276
255.792
223.255
199.326
238.223
220.613
204.574
203.541
223.416
251.042
196.933
200.492
194.928
224.160
228.385
200.276
188.678
238.716
197.992
251.575
248.638
233.196
217.629
230.691
204.374
233.970
221.229
222.500
212.148
244.327
166.794
210.783
215.629
243.777
197.918
230.202
192.017
220.613
198.730
213.671
212.315
222.983
230.464
210.148
205.393
249.555
212.115
230.691
210.148
220.613
223.160
198.193
231.755
215.648
235.827
232.410
176.640
194.933
243.435
206.905
243.435
228.220
239.577
202.614
231.970
239.223
176.586
234.416
233.353
215.629
221.505
223.699
223.059
223.160
204.681
241.004
214.516
222.505
218.859
199.326
210.879
210.041
231.663
243.221
220.613
217.005
212.500
216.648
225.720
228.941
241.578
238.223
221.964
231.882
226.629
211.148
215.648
204.114
256.792
211.500
203.010
219.818
224.160
207.604
194.933
230.500
187.585
227.941
192.421
208.041
199.711
202.688
218.410
211.860
195.747
243.435
213.005
181.570
236.949
188.285
223.148
223.840
225.363
235.827
226.861
216.289
215.629
248.536
212.791
248.536
236.613
234.177
197.338
206.064
233.473
205.398
238.223
217.903
206.520
230.691
237.473
223.097
218.410
220.245
209.423
225.136
199.234
195.826
217.755
248.536
242.162
217.298
220.613
216.979
186.053
210.879
204.258
217.172
222.026
209.221
213.151
210.879
220.129
228.058
194.933
237.363
235.827
210.741
216.096
238.223
239.577
220.613
204.081
200.256
228.220
236.512
229.827
208.634
228.445
234.012
251.630
222.500
214.192
194.669
247.718
217.610
211.148
225.941
242.577
225.363
233.473
217.579
208.864
219.329
234.543
216.648
204.376
238.223
199.683
219.348
226.235
180.343
220.613
232.970
221.398
225.941
229.369
210.148
239.182
218.755
204.574
215.560
220.613
220.613
194.826
229.113
233.473
181.819
216.214
225.005
251.630
228.220
226.776
220.613
228.086
214.102
226.363
223.613
220.613
230.043
191.076
237.223
220.148
251.042
223.420
243.435
219.625
232.970
203.627
220.613
218.047
222.995
186.080
225.941
192.076
203.347
220.613
222.117
211.148
206.730
207.291
190.757
219.629
238.827
244.754
200.681
243.435
230.245
217.852
228.220
223.745
246.754
243.577
