173.777
205.541
211.148
205.398
179.836
190.183
180.053
233.970
205.398
181.238
161.577
185.219
179.386
197.791
194.933
196.741
177.611
175.684
187.219
226.363
213.005
211.148
167.784
188.326
182.419
185.999
189.648
191.826
175.508
194.661
193.826
191.826
194.933
173.736
177.504
205.398
213.005
175.247
198.782
203.541
193.826
188.326
202.329
172.982
190.005
202.541
213.005
205.398
202.017
220.613
217.005
213.005
217.755
205.398
205.398
186.683
166.744
213.005
190.183
182.576
220.613
187.111
203.541
188.536
193.826
190.076
189.958
194.933
197.791
191.026
205.398
195.833
171.589
189.718
205.398
199.791
170.768
181.990
169.184
182.576
198.978
197.576
195.037
198.576
185.219
187.420
197.565
197.791
211.733
180.798
176.872
186.469
191.370
178.442
191.076
202.541
195.933
193.933
211.148
202.541
188.911
191.625
183.469
205.398
183.760
190.183
211.148
205.291
194.933
193.826
190.183
194.826
188.326
220.613
190.183
177.611
157.240
195.933
226.363
158.597
201.785
195.776
199.565
197.791
187.072
182.576
198.182
176.869
187.100
178.741
154.923
199.787
179.109
182.576
210.060
190.408
182.576
228.220
203.126
220.613
191.408
190.183
201.660
186.326
178.461
218.755
205.398
184.350
188.326
195.933
203.018
191.029
188.792
182.576
187.429
190.984
200.576
181.292
194.933
187.919
178.446
214.780
176.397
211.148
199.491
203.541
190.183
200.326
197.791
205.398
166.947
205.398
205.398
197.791
220.613
197.791
217.005
184.469
197.791
182.576
213.005
186.219
186.497
190.183
175.335
197.791
211.148
176.375
205.398
208.041
174.704
198.634
211.148
205.398
182.600
202.541
190.850
188.326
190.183
204.923
202.273
187.042
194.768
186.326
199.791
186.988
211.148
199.683
191.178
182.576
213.005
197.791
172.696
177.897
197.683
197.791
185.651
178.611
176.798
192.925
204.094
184.847
184.399
173.004
170.303
213.005
202.541
209.148
197.791
205.398
173.590
189.899
205.398
191.370
195.933
202.433
197.791
209.148
210.148
205.398
190.326
191.121
180.611
228.220
205.398
200.123
189.515
207.172
213.005
203.541
205.398
202.541
171.768
190.611
197.791
181.304
205.126
221.456
197.741
202.433
190.263
202.073
203.541
209.251
184.350
211.148
204.541
167.425
201.791
195.776
190.183
209.148
200.791
195.933
195.933
174.969
201.541
195.933
213.005
182.769
202.541
210.148
202.541
205.398
163.195
217.859
218.755
205.532
220.613
189.326
158.844
202.785
175.413
213.005
210.148
195.933
173.281
171.056
203.541
200.433
188.326
173.696
172.886
170.803
213.005
213.005
189.958
185.273
196.576
203.541
205.398
205.065
220.613
188.326
176.861
188.326
180.152
200.777
209.041
210.148
178.969
175.636
213.005
222.436
207.376
190.076
205.398
203.541
199.565
189.743
190.183
185.576
203.541
201.433
192.826
179.277
177.504
161.127
194.761
205.398
182.576
197.791
194.826
183.803
213.005
207.291
192.516
205.398
194.183
195.258
172.922
198.978
213.005
189.343
189.861
190.183
197.791
190.183
194.158
190.183
231.863
203.724
170.067
210.148
197.791
203.541
197.972
173.041
176.636
198.016
190.759
183.111
202.541
193.245
235.827
193.933
186.326
205.398
190.183
190.183
201.433
203.541
179.554
210.148
182.576
164.424
201.541
187.326
208.291
185.054
196.933
193.826
218.755
205.398
213.005
214.541
203.541
192.710
193.411
194.933
175.036
217.755
194.933
190.183
195.933
193.933
193.076
192.696
200.791
195.933
214.791
171.111
168.212
195.933
217.005
190.183
187.911
213.541
191.026
183.906
192.826
211.733
200.433
197.815
169.014
175.232
194.867
195.933
188.326
174.743
182.350
191.983
187.571
204.541
200.433
192.076
220.613
178.611
192.200
205.398
203.541
207.225
193.826
215.898
194.933
189.257
197.791
180.304
181.719
185.576
188.326
206.065
185.219
203.541
203.541
188.379
198.458
188.326
153.292
187.326
205.398
190.183
213.005
190.183
189.899
193.826
209.148
213.005
218.755
211.148
180.600
197.791
207.172
210.041
205.398
220.613
205.398
220.613
205.398
194.826
189.366
213.005
209.913
220.613
175.502
203.541
205.398
200.326
175.504
182.576
213.005
181.125
179.901
213.005
204.076
209.816
208.041
200.433
220.613
188.326
180.611
164.398
190.183
182.719
190.183
197.791
197.791
196.708
174.111
171.941
179.391
192.006
209.438
197.791
181.491
193.933
203.541
187.219
197.791
164.122
204.598
210.148
164.863
220.613
181.666
200.264
190.183
185.111
180.386
197.791
170.633
177.301
197.791
206.585
184.804
186.326
203.541
193.419
178.447
199.683
202.433
212.470
202.433
213.005
194.933
195.247
194.933
195.933
193.826
195.933
182.576
170.778
189.326
210.251
202.541
187.161
190.183
187.622
198.328
213.005
187.527
220.613
182.041
187.219
195.933
197.741
176.562
160.556
199.683
163.301
192.710
211.148
182.304
202.453
200.488
186.804
195.933
211.148
197.791
194.465
188.169
182.243
219.903
181.493
193.026
161.970
190.183
190.183
195.076
193.933
178.736
218.755
187.219
210.041
178.048
185.219
193.826
205.398
198.683
197.791
178.611
161.419
192.483
203.541
193.826
200.433
192.826
223.255
188.326
213.005
195.097
190.183
204.873
197.791
204.728
197.791
173.111
196.826
191.326
199.433
187.234
218.755
180.196
159.828
185.219
176.861
220.613
205.398
209.140
220.613
220.613
184.639
187.100
169.694
171.426
213.005
182.408
187.020
210.041
211.148
168.586
187.510
210.148
181.105
220.613
195.826
201.376
176.048
220.613
170.000
205.398
194.933
205.398
202.433
194.933
193.933
193.933
183.361
182.576
191.958
189.133
164.719
202.785
191.026
190.183
202.541
197.791
203.541
175.504
205.398
180.719
197.791
203.541
187.326
214.780
195.447
174.252
192.516
189.513
228.220
195.933
184.916
174.446
203.755
194.183
156.740
192.183
187.513
203.541
197.791
218.755
181.954
195.933
184.219
196.518
191.750
210.060
197.791
222.505
204.126
210.148
194.183
197.791
197.081
189.605
180.719
197.791
176.317
201.791
180.719
188.208
213.005
173.886
175.151
197.791
179.611
198.518
208.933
198.529
197.035
194.006
201.433
228.220
211.148
207.041
205.398
189.156
187.326
181.304
197.791
203.541
205.398
188.326
204.491
174.969
197.634
181.719
205.398
191.957
188.326
178.562
180.752
205.398
178.969
185.693
197.791
224.255
197.791
186.326
178.969
198.181
217.755
190.183
176.743
199.565
199.565
202.541
171.298
187.326
195.933
197.791
204.993
179.889
186.326
188.111
195.933
180.413
205.398
184.271
214.648
195.933
200.268
186.326
210.148
205.398
205.398
190.183
213.005
202.541
197.791
192.719
182.576
181.556
194.806
199.112
203.541
181.526
187.804
193.419
174.754
197.791
187.326
194.189
183.983
199.678
170.750
176.277
196.568
194.933
187.326
210.148
205.183
179.611
205.398
175.754
169.321
181.416
194.243
180.559
203.026
171.539
193.933
197.791
176.508
193.933
204.433
205.092
203.541
183.763
211.148
213.005
190.183
175.065
197.791
205.398
194.661
213.005
203.126
197.791
197.791
194.933
205.398
190.011
211.148
205.295
210.056
207.291
201.541
179.719
174.969
180.719
193.183
213.005
174.504
205.398
158.869
197.791
198.840
157.522
220.613
180.719
210.041
213.005
201.791
189.473
195.933
180.719
189.326
176.809
190.611
197.791
180.364
197.791
188.718
190.183
182.576
173.683
183.804
217.005
194.933
195.933
197.791
197.791
203.541
192.005
220.613
187.219
197.565
185.696
185.804
175.028
186.326
165.493
180.971
162.450
175.704
176.661
181.732
180.822
173.696
181.136
178.969
162.397
203.076
197.576
190.877
187.969
188.326
171.151
197.791
209.041
211.148
168.204
182.719
197.791
194.708
187.326
178.454
205.398
213.005
201.541
188.531
188.919
188.911
157.005
174.281
186.804
195.933
197.791
183.928
220.613
216.372
195.933
200.683
184.292
177.504
213.005
182.576
174.969
175.809
175.651
211.148
197.870
165.621
186.576
197.791
189.326
206.112
153.703
189.958
177.611
178.889
195.933
183.166
213.005
187.352
182.576
167.081
205.126
194.826
183.801
201.433
173.015
213.848
205.398
201.541
205.398
176.743
188.148
191.958
205.398
195.870
168.590
179.428
190.183
205.006
188.911
197.791
182.600
168.590
197.791
203.541
205.398
213.005
193.183
202.541
197.870
205.398
182.576
198.576
205.398
193.826
220.613
190.183
198.978
174.406
189.152
202.614
216.648
208.398
190.183
213.005
197.791
193.826
184.399
215.703
210.148
202.541
180.719
205.398
213.005
